direct_data = [41.567, 72.649000000000001, 11.459, 11.941000000000001, 16.483000000000001, 30.931000000000001, 15.746, 2.6000000000000001, 7.9850000000000003, 60.292999999999999, 11.929, 30.863, 16.100999999999999, 1.79, 9.9280000000000008, 23.614999999999998, 16.689, 2.1909999999999998, 3.4969999999999999, 9.3879999999999999, 10.061999999999999, 13.718999999999999, 2.8820000000000001, 2.0270000000000001, 10.266, 10.297000000000001, 15.029, 13.614000000000001, 66.656000000000006, 109.532, 8.7850000000000001, 3.9100000000000001, 27.916, 136.50800000000001, 2.1230000000000002, 14.672000000000001, 14.509, 15.208, 33.908999999999999, 16.462, 9.5939999999999994, 25.923999999999999, 5.5759999999999996, 14.609999999999999, 1.7450000000000001, 10.551, 2.1520000000000001, 66.617999999999995, 8.1340000000000003, 7.6870000000000003, 11.448, 7.915];
dns_hit_data = [34.100999999999999, 72.762, 12.48, 12.74, 17.786000000000001, 30.817, 17.530999999999999, 3.101, 9.2260000000000009, 60.692, 12.705, 53.753999999999998, 18.695, 2.1240000000000001, 10.797000000000001, 35.220999999999997, 19.425000000000001, 3.0529999999999999, 5.2130000000000001, 9.4689999999999994, 10.301, 16.843, 3.4660000000000002, 2.5089999999999999, 11.18, 11.234999999999999, 15.548999999999999, 14.670999999999999, 67.992000000000004, 38.718000000000004, 11.43, 4.5330000000000004, 35.457000000000001, 136.94300000000001, 2.6280000000000001, 15.587, 15.579000000000001, 16.300999999999998, 33.972000000000001, 16.939, 10.605, 26.768999999999998, 6.0339999999999998, 15.814, 2.1190000000000002, 11.417999999999999, 3.181, 67.897999999999996, 10.314, 16.727, 13.085000000000001, 9.5850000000000009];
sid_hit_incr = [-1.8100000000000023, -0.40699999999999648, -1.9550000000000001, -0.74000000000000021, -0.93200000000000216, -0.21000000000000085, -1.5949999999999989, -0.67600000000000016, -1.1020000000000003, -0.57200000000000273, -0.65300000000000047, -22.760999999999999, -2.5560000000000009, -0.14200000000000013, -0.67999999999999972, -0.8539999999999992, -2.2680000000000007, -0.26600000000000001, -1.0620000000000003, -2.2699999999999996, -0.14000000000000057, -5.3849999999999998, -0.50100000000000033, 0.70800000000000018, -0.78599999999999959, -0.90199999999999925, -0.40799999999999947, 0.7840000000000007, -1.3880000000000052, -0.81100000000000705, 11.472999999999999, -0.5600000000000005, -7.3820000000000014, -1.2560000000000002, -0.52800000000000002, -0.48000000000000043, -0.98399999999999999, -0.91999999999999815, -0.34499999999999886, -6.3970000000000002, -0.89900000000000091, -0.72599999999999909, -0.41699999999999982, -1.0269999999999992, -0.12100000000000022, -0.83299999999999841, -0.51600000000000001, -1.2000000000000028, -2.3239999999999998, -8.9789999999999992, -2.4280000000000008, -1.5070000000000014];
dns_hit_delay = [1.038, 0.33200000000000002, 0.98699999999999999, 0.70799999999999996, 1.4550000000000001, 0.35499999999999998, 1.78, 0.77500000000000002, 1.3, 0.64500000000000002, 0.72299999999999998, 22.863, 1.9870000000000001, 0.36199999999999999, 0.90800000000000003, 0.77200000000000002, 2.1989999999999998, 1.018, 1.5900000000000001, 1.706, 0.35799999999999998, 3.7360000000000002, 0.747, 0.59399999999999997, 0.878, 0.93100000000000005, 0.997, 1.0649999999999999, 1.343, 1.0329999999999999, 1.369, 0.72499999999999998, 7.4000000000000004, 0.65600000000000003, 0.55900000000000005, 0.96099999999999997, 0.871, 1.0369999999999999, 0.34999999999999998, 0.65900000000000003, 0.86499999999999999, 0.72399999999999998, 0.46300000000000002, 1.1919999999999999, 0.40000000000000002, 0.35999999999999999, 0.96499999999999997, 1.2509999999999999, 1.2150000000000001, 8.782, 0.90300000000000002, 1.6180000000000001];
dns_data = [57.447000000000003, 73.899000000000001, 61.631, 12.865, 30.699000000000002, 51.890000000000001, 28.731000000000002, 6.0659999999999998, 9.5609999999999999, 122.93899999999999, 29.192, 55.875999999999998, 29.629999999999999, 147.41800000000001, 18.111000000000001, 41.957000000000001, 18.359000000000002, 3.8780000000000001, 8.8989999999999991, 14.629, 44.024999999999999, 24.742000000000001, 7.0389999999999997, 3.1379999999999999, 16.792000000000002, 13.664999999999999, 29.524999999999999, 15.224, 164.65100000000001, 42.460000000000001, 10.259, 10.157, 73.281999999999996, 268.44400000000002, 6.0309999999999997, 29.896999999999998, 28.629000000000001, 32.450000000000003, 61.231999999999999, 17.364999999999998, 17.972999999999999, 45.984000000000002, 11.975, 29.353999999999999, 2.706, 45.587000000000003, 7.1189999999999998, 82.468999999999994, 10.183, 51.104999999999997, 12.581, 12.214];
sid_increment = [-9.2760000000000034, -0.29399999999999693, -0.93399999999999928, 0.058999999999999275, 0.37099999999999866, -0.32400000000000162, 0.1899999999999995, -0.17500000000000027, 0.13900000000000023, -0.17300000000000182, 0.12299999999999933, 0.12999999999999901, 0.038000000000000256, 0.19199999999999995, 0.18900000000000006, 10.751999999999999, 0.46799999999999997, 0.59600000000000009, 0.65399999999999991, -2.1890000000000001, 0.099000000000000199, -2.2609999999999992, 0.082999999999999741, 1.1899999999999999, 0.12800000000000011, 0.035999999999999588, 0.1120000000000001, 1.8409999999999993, -0.052000000000006708, -71.625, 14.117999999999999, 0.062999999999999723, 0.15899999999999892, -0.82099999999999795, -0.023000000000000131, 0.43499999999999872, 0.086000000000000298, 0.17300000000000004, -0.28199999999999648, -5.9199999999999999, 0.1120000000000001, 0.11899999999999977, 0.041000000000000369, 0.17700000000000138, 0.25299999999999989, 0.034000000000000696, 0.5129999999999999, 0.079999999999998295, -0.14400000000000013, 0.060999999999999943, -0.79100000000000037, 0.16299999999999937];
hit_increment = [-7.4660000000000011, 0.11299999999999955, 1.0210000000000008, 0.79899999999999949, 1.3030000000000008, -0.11400000000000077, 1.7849999999999984, 0.50099999999999989, 1.2410000000000005, 0.39900000000000091, 0.7759999999999998, 22.890999999999998, 2.5940000000000012, 0.33400000000000007, 0.86899999999999977, 11.605999999999998, 2.7360000000000007, 0.8620000000000001, 1.7160000000000002, 0.080999999999999517, 0.23900000000000077, 3.1240000000000006, 0.58400000000000007, 0.48199999999999976, 0.9139999999999997, 0.93799999999999883, 0.51999999999999957, 1.0569999999999986, 1.3359999999999985, -70.813999999999993, 2.6449999999999996, 0.62300000000000022, 7.5410000000000004, 0.43500000000000227, 0.50499999999999989, 0.91499999999999915, 1.0700000000000003, 1.0929999999999982, 0.063000000000002387, 0.47700000000000031, 1.011000000000001, 0.84499999999999886, 0.45800000000000018, 1.2040000000000006, 0.37400000000000011, 0.8669999999999991, 1.0289999999999999, 1.2800000000000011, 2.1799999999999997, 9.0399999999999991, 1.6370000000000005, 1.6700000000000008];
sid_data = [32.290999999999997, 72.355000000000004, 10.525, 12.0, 16.853999999999999, 30.606999999999999, 15.936, 2.4249999999999998, 8.1240000000000006, 60.119999999999997, 12.052, 30.992999999999999, 16.138999999999999, 1.982, 10.117000000000001, 34.366999999999997, 17.157, 2.7869999999999999, 4.1509999999999998, 7.1989999999999998, 10.161, 11.458, 2.9649999999999999, 3.2170000000000001, 10.394, 10.333, 15.141, 15.455, 66.603999999999999, 37.906999999999996, 22.902999999999999, 3.9729999999999999, 28.074999999999999, 135.68700000000001, 2.1000000000000001, 15.106999999999999, 14.595000000000001, 15.381, 33.627000000000002, 10.542, 9.7059999999999995, 26.042999999999999, 5.617, 14.787000000000001, 1.998, 10.585000000000001, 2.665, 66.697999999999993, 7.9900000000000002, 7.7480000000000002, 10.657, 8.0779999999999994];
