diff = [16.105, 12.77, 2.3500000000000014, 11.338999999999999, 0.0, 13.467999999999996, 15.140999999999998, 0.0, 10.687999999999995, 81.727999999999994, 2.429000000000002, 16.192, 13.004000000000005, 8.8770000000000095, 11.373999999999995, 11.401999999999997, 101.715, 7.4260000000000019, 0.0, 1.7520000000000024, 0.0, 0.85699999999999932, 11.469999999999999, 6.1339999999999968, 0.0, 12.038999999999998, 13.759999999999998, 15.908000000000001, 259.76600000000002, 74.554000000000002, 11.776000000000003, 9.3410000000000011, 0.049999999999997158, 2.2369999999999983, 3.8030000000000008, 0.0, 4.3539999999999992, 0.0, 11.292999999999999, 0.0, 1.2480000000000011, 101.98699999999999, 0.0, 1.7989999999999995, 0.99499999999999744, 0.0, 89.294000000000011, 21.535999999999998, 15.558, 12.123999999999999, 16.764000000000003, 7.0770000000000017, 3.6609999999999978, 3.5180000000000007, 0.0, 15.27849999999998, 11.914999999999999, 2.2839999999999989, 0.0, 11.432999999999996, 5.0219999999999985, 0.2569999999999979, 0.0, 69.555000000000007, 11.727999999999998, 9.8769999999999989, 0.0, 7.5310000000000024, 0.44200000000000017, 12.422999999999998, 13.024000000000001, 0.0, 2.6950000000000003, 1.9050000000000011, 258.09899999999999, 14.381, 8.5660000000000025, 3.6709999999999994, 5.3159999999999989, 6.5039999999999978, 11.440999999999999, 68.486999999999995, 12.488999999999997, 14.688000000000002, 17.984999999999996, 13.875999999999998, 11.955999999999996, 12.597000000000001, 15.959999999999999, 16.136000000000003, 15.658999999999999, 15.692999999999998, 12.795000000000002, 0.0, 16.521000000000001, 0.092999999999996419, 18.116999999999997, 18.372, 11.082999999999998, 16.657999999999994, 0.0, 0.0, 8.0909999999999798, 14.530999999999999, 79.643000000000001, 15.398, 2.879999999999999, 1.490000000000002, 17.923000000000002, 9.607999999999997, 0.0, 2.1180000000000003, 0.0, 15.621000000000002, 0.0, 4.3899999999999935, 0.0, 10.661000000000001, 8.7720000000000056, 13.527000000000001, 24.553000000000011, 10.521000000000001, 11.208999999999996, 15.590000000000003, 0.0, 0.0, 19.909999999999997, 8.3039999999999949, 12.856999999999999, 4.5530000000000044, 0.37400000000000233, 0.0, 4.0219999999999985, 0.0, 6.4359999999999999, 3.9440000000000026, 260.40200000000004, 13.965, 12.271999999999998, 14.602000000000004, 9.6769999999999996, 20.302999999999997, 8.8109999999999999, 0.0, 16.521999999999991, 13.281000000000006, 17.375, 0.0, 3.7450000000000045, 0.0, 3.6089999999999982, 0.0, 11.115000000000002, 18.624999999999996, 5.0160000000000053, 10.466999999999999, 7.9709999999999965, 11.605999999999998, 14.273000000000003, 13.100000000000001, 0.0, 0.61500000000000199, 13.154000000000003, 0.070000000000000284, 0.0, 254.36599999999999, 0.0, 12.206, 0.0, 12.155000000000001, 10.798999999999999, 10.774999999999995, 8.7189999999999976, 0.0, 4.1689999999999969, 0.0, 1.4049999999999976, 12.616, 99.869, 11.234999999999999, 12.027000000000001, 147.16500000000002, 0.0, 16.620000000000005, 16.056000000000001, 12.571000000000002, 3.7039999999999971, 13.672000000000004, 12.31, 3.472999999999999, 0.0, 16.287000000000003, 12.234999999999999, 0.15800000000000125, 0.0, 0.0, 99.039000000000016, 16.622999999999998, 0.0, 2.5249999999999986, 0.0, 0.0, 11.265999999999998, 10.843000000000004, 0.0, 13.984999999999999, 11.861000000000001, 12.061, 12.989999999999998, 11.724, 16.440000000000001, 0.0, 17.045999999999999, 9.5330000000000013, 11.518000000000001, 10.786999999999992, 11.268999999999998, 254.43799999999999, 0.0, 8.2289999999999992, 2.245000000000001, 11.366999999999997, 8.3800000000000026, 73.114000000000004, 13.718999999999994, 75.269000000000005, 11.319999999999999, 0.4269999999999996, 8.2920000000000016, 15.846, 1.8359999999999985, 11.539999999999999, 14.919, 7.9500000000000028, 8.6920000000000037, 12.211000000000006, 0.0, 2.6310000000000002, 0.0, 16.110999999999997, 12.276999999999997, 15.842000000000002, 15.293999999999997, 15.782999999999999, 0.0, 10.619, 1.4300000000000033, 9.7180000000000035, 101.55500000000001, 16.447000000000003, 15.047000000000001, 9.7190000000000012, 15.523, 8.8649999999999984, 0.0, 14.528999999999996, 11.342999999999996, 19.964999999999996, 13.203999999999999, 134.65899999999999, 0.0, 1.0629999999999988, 0.0, 0.0, 249.93200000000002, 0.0, 0.039000000000001478, 0.0, 0.0, 0.0, 16.634999999999998, 0.0, 0.0, 0.0, 257.05399999999997, 16.380000000000003, 10.704999999999998, 0.0, 1.6630000000000038, 12.420000000000002, 2.0720000000000027, 1.3890000000000029, 9.9100000000000001, 18.893000000000001, 0.0, 0.0, 9.9249999999999972, 18.134999999999998, 3.796999999999997, 12.833999999999996, 257.35199999999998, 12.862999999999996, 7.0189999999999984, 13.325999999999997, 17.690000000000001, 14.229999999999997, 17.860999999999997, 68.754999999999995, 9.6580000000000013, 1.0309999999999988, 70.641000000000005, 0.0, 16.072999999999997, 101.798, 0.36599999999999966];
